 11 7178.039200 1.894E-26 5.150E-03.04430.333 1590.69010.57-.014020          2 0 0          0 0 0  9  6  3        8  7  2      4642236033287122 8    57.0   51.0
 11 7178.053400 2.160E-24 7.257E-01.03720.270 1690.66360.47-.010444          0 2 1          0 0 0 12  2 10       11  2  9      454523606728 322 7    75.0   69.0
 11 7178.197200 2.814E-29 3.706E-02.02080.208 3211.05480.35-.022360          1 0 1          0 0 0 15  4 11       16  2 14      444233603231712211    31.0   33.0
 11 7178.218617 7.965E-29 9.040E-04.06890.352 2309.73020.61-.003195          0 6 0          0 1 0  7  0  7        7  1  6      3442234332287122 7    45.0   45.0
 11 7178.310400 6.710E-26 5.270E-01.03910.281 2321.90500.47-.020920          0 0 2          0 0 0 11  6  5       11  7  4      454223606529712211    69.0   69.0
 11 7178.392900 8.505E-29 2.994E-03.05060.265 2437.50110.44-.029680          0 0 2          0 0 0 13  3 11       12  6  6      444233603231712211    27.0   25.0
 11 7178.408400 2.835E-28 1.433E-04.02720.265 1774.75030.44-.019900          0 0 2          0 0 0 12  1 12       12  2 11      4442436032297122 7    75.0   75.0
 11 7178.445840 1.440E-22 1.410E+00.08810.450  602.77350.63-.007589          1 0 1          0 0 0  6  2  5        6  2  4      557521306382622234    13.0   13.0
 11 7178.540100 9.574E-29 1.451E-04.02700.265 1774.61530.44-.020960          0 0 2          0 0 0 12  0 12       12  1 11      4442436032297122 8    25.0   25.0
 11 7178.610300 1.495E-28 4.080E-02.04050.235 3084.83470.40-.028360          1 0 1          0 0 0 13  8  6       14  6  9      444233603231712211    81.0   87.0
 11 7178.874100 1.438E-27 2.439E-02.03600.298 2254.28400.51-.017180          2 0 0          0 0 0 11  7  5       10  8  2      4642236033297122 9    23.0   21.0
 11 7179.119400 2.714E-28 9.622E-01.09430.434 3334.62650.71-.004180          2 2 0          0 2 0  3  2  1        3  1  2      4742236033257122 7    21.0   21.0
 11 7179.133900 4.267E-27 2.413E-02.03600.298 2254.28330.51-.017020          2 0 0          0 0 0 11  7  4       10  8  3      4642236033297122 9    69.0   63.0
 11 7179.187180 5.760E-23 2.129E-01.08820.480  326.62550.67-.008159          2 0 0          0 0 0  4  2  2        5  1  5      556621306324 322 6     9.0   11.0
 11 7179.295300 7.380E-25 7.602E-01.03250.330 1695.06770.47-.022368          0 2 1          0 0 0 12  3 10       11  3  9      454523606729 322 8    25.0   23.0
 11 7179.308500 1.801E-28 3.991E-01.09500.456 3237.91760.72-.009560          2 2 0          0 2 0  3  0  3        2  1  2      4442436032257122 7    21.0   15.0
 11 7179.326900 1.250E-25 6.872E-02.06270.265 1774.75030.44-.022660          2 0 0          0 0 0 11  3  8       12  2 11      4542236067297122 8    69.0   75.0
 11 7179.498900 8.064E-28 1.021E+01.09970.480 3196.09360.73-.003420          1 2 1          0 2 0  1  1  0        1  1  1      4742236033257122 7     3.0    3.0
 11 7179.639300 4.556E-29 2.101E-02.05990.315 3141.04570.55-.019060          2 1 0          0 1 0 10  4  7        9  5  4      4442336032287122 8    63.0   57.0
 11 7179.717200 1.128E-24 4.309E-01.04250.333 1411.64180.57-.021508          1 2 0          0 0 0  8  7  1        8  6  2      4342236033287122 8    17.0   17.0
 11 7179.747200 3.369E-24 4.290E-01.04490.333 1411.61130.57-.016228          1 2 0          0 0 0  8  7  2        8  6  3      4342236033287122 8    51.0   51.0
 11 7179.752400 1.698E-22 9.477E+00.04560.265 1216.19440.61-.013959          1 0 1          0 0 0  7  6  2        7  6  1      446521603324 322 6    45.0   45.0
 11 7179.753363 5.667E-23 9.489E+00.03940.352 1216.18970.61-.012240          1 0 1          0 0 0  7  6  1        7  6  2      4442234433297122 8    15.0   15.0
 11 7180.129500 1.300E-27 8.999E-01.07060.298 3224.54620.51-.010620          1 1 1          0 1 0 10  4  6       10  4  7      4442236065287122 8    63.0   63.0
 11 7180.133500 1.756E-29 1.307E+00.05900.195 4291.90470.34-.033960          2 0 0          0 0 0 17  7 10       17  6 11      444233603231712211   105.0  105.0
 11 7180.165687 1.829E-29 1.204E-03.03050.281 2740.42090.47-.017388          0 4 0          0 0 0 10 10  1       11  9  2      3442334332297122 9    63.0   69.0
 11 7180.222700 8.079E-28 5.093E-02.04900.315 2688.07950.55-.014640          0 1 2          0 1 0  8  2  7        9  1  8      4642236033257122 7    51.0   57.0
 11 7180.230500 1.016E-28 5.284E+00.09120.456 3887.11400.72-.008000          1 0 2          0 0 1  3  2  1        2  2  0      4442336032257122 7    21.0   15.0
 11 7180.274800 1.670E-29 1.041E-02.01240.183 3319.44570.33-.017364          0 2 1          0 0 0 18  1 17       18  1 18      444233603231712211   111.0  111.0
 11 7180.323400 7.023E-26 3.756E-04.08640.352  704.21400.61-.006820          1 0 1          0 0 0  6  3  3        7  1  6      4542236033257122 7    39.0   45.0
 11 7180.329200 3.630E-25 8.510E-01.03810.298 2054.34480.51-.018200          0 0 2          0 0 0 10  6  5       10  7  4      4542236065297122 9    63.0   63.0
 11 7180.356068 1.057E-29 5.497E-02.02900.235 3465.07010.40-.025560          1 0 1          0 0 0 13 10  3       14  8  6      344233433231712211    27.0   29.0
 11 7180.397500 2.535E-29 1.325E-02.06090.333 2920.13200.57-.015340          2 1 0          0 1 0  9  4  6        8  5  3      4442436032287122 8    19.0   17.0
 11 7180.399720 5.560E-22 5.372E-01.09800.500  224.83840.69-.005349          2 0 0          0 0 0  3  2  1        4  1  4      556620306324 322 6    21.0   27.0
 11 7180.500300 8.070E-25 5.230E+00.08300.391 2130.49420.67-.012300          1 1 1          0 1 0  5  3  3        5  3  2      4542236065257122 7    33.0   33.0
 11 7180.538677 3.177E-29 5.502E-02.02900.235 3464.88750.40-.024860          1 0 1          0 0 0 13 10  4       14  8  7      344233433231712211    81.0   87.0
 11 7180.613500 2.950E-23 4.626E+00.05820.295 1477.29720.55-.020100          1 0 1          0 0 0  9  5  5        9  5  4      454523606328 322 7    57.0   57.0
 11 7180.729400 1.520E-25 8.895E-05.09080.434  173.36580.710.003016          1 2 0          0 0 0  4  4  1        3  1  2      4542236065257122 7    27.0   21.0
 11 7181.016500 3.010E-24 9.103E-03.09430.434  285.21930.71-.017720          1 0 1          0 0 0  4  1  4        3  3  1      4542236067287122 8     9.0    7.0
 11 7181.082700 1.192E-25 8.386E-01.03880.298 2054.36810.51-.017660          0 0 2          0 0 0 10  6  4       10  7  3      4642236033297122 9    21.0   21.0
 11 7181.096300 6.860E-23 3.830E+00.04420.352 1216.19440.61-.017304          1 2 0          0 0 0  7  7  0        7  6  1      4542236018287122 7    45.0   45.0
 11 7181.100300 1.500E-23 2.513E+00.04050.352 1216.18970.61-.016756          1 2 0          0 0 0  7  7  1        7  6  2      4342236033297122 8    15.0   15.0
 11 7181.112200 2.994E-24 6.567E-01.05460.315 1340.88450.55-.015424          0 2 1          0 0 0 10  4  7        9  4  6      4742236033257122 7    21.0   19.0
 11 7181.121800 1.196E-28 2.181E-03.07310.352 2181.08980.61-.005336          1 3 0          0 1 0  7  4  4        7  1  7      4442336032287122 8    15.0   15.0
 11 7181.155780 1.500E-20 1.323E+01.09970.488  136.76170.71-.012509          1 0 1          0 0 0  2  0  2        3  0  3      5555213063675022 6    15.0   21.0
 11 7181.318700 3.852E-25 2.013E-01.06890.298 1538.14880.51-.016980          1 0 1          0 0 0 11  1 10       10  3  7      4442236033297122 8    23.0   21.0
 11 7181.352400 3.842E-29 2.207E-02.01980.195 3291.14690.34-.016964          0 2 1          0 0 0 17  3 15       17  1 16      444233603231712211   105.0  105.0
 11 7181.461900 1.582E-29 3.476E-02.02130.195 3567.17160.34-.016764          0 2 1          0 0 0 17  4 14       17  2 15      444233603231712211   105.0  105.0
 11 7181.495000 2.922E-29 1.228E+00.06280.195 4174.28450.34-.001760          2 0 0          0 0 0 17  6 11       17  5 12      4442336032297122 9   105.0  105.0
 11 7181.521600 8.510E-25 5.770E-03.07990.352  782.40980.61-.007712          1 2 0          0 0 0  7  5  2        7  2  5      4542236067287122 7    45.0   45.0
 11 7181.597300 8.505E-29 6.213E-03.03540.265 2813.51140.44-.023060          0 0 2          0 0 0 13  5  8       12  8  5      444233603231712211    81.0   75.0
 11 7181.671900 2.945E-29 1.057E+00.08840.352 3967.48850.61-.006160          2 2 0          0 2 0  7  3  4        7  2  5      4442236032257122 7    45.0   45.0
 11 7181.788900 2.812E-28 1.009E-02.07290.352 2572.13930.61-.015920          2 1 0          0 1 0  8  3  6        7  4  3      4642236033287122 8    51.0   45.0
 11 7181.885300 3.570E-28 9.079E-02.03420.235 3084.83470.40-.029260          0 0 2          0 0 0 14  5 10       14  6  9      4642236033297122 9    87.0   87.0
 11 7182.151800 2.551E-26 2.361E-02.07910.298 1616.45240.51-.015260          1 0 1          0 0 0  9  6  3       10  4  6      474223603331712210    19.0   21.0
 11 7182.155730 1.370E-23 1.814E-02.08940.412  382.51690.69-.017340          1 0 1          0 0 0  5  1  5        4  3  2      5542233018287122 8    33.0   27.0
 11 7182.159600 7.763E-27 4.868E-02.04890.265 2275.37190.44-.016080          1 0 1          0 0 0 11  7  5       12  5  8      474223603331712210    69.0   75.0
 11 7182.209110 1.580E-21 1.468E+00.10700.375   42.37170.81-.011569          2 0 0          0 0 0  1  0  1        1  1  0      5558203063794915 6     9.0    9.0
 11 7182.342300 1.303E-27 1.052E-04.02620.298 1114.53130.51-.014712          0 2 1          0 0 0  9  4  5       10  0 10      454223603330712210    19.0   21.0
 11 7182.395500 2.753E-29 9.932E-01.09110.371 3713.08260.63-.007500          2 2 0          0 2 0  6  2  4        6  1  5      4442236032287122 7    13.0   13.0
 11 7182.451230 1.720E-24 4.353E-02.08160.315 1079.07920.55-.011740          1 0 1          0 0 0  8  3  5        9  1  8      5542233067287122 8    51.0   57.0
 11 7182.481800 8.213E-28 2.278E-05.07560.352  816.69420.61-.008808          1 2 0          0 0 0  6  6  0        7  3  5      4442236033287122 8    13.0   15.0
 11 7182.518400 3.019E-28 7.443E-03.02480.221 2631.26710.37-.014472          0 1 1          0 0 0 16  9  7       15  1 14      444233603231712211    99.0   93.0
 11 7182.521700 1.024E-26 7.574E-01.01010.221 2631.28230.37-.018664          0 2 1          0 0 0 16  2 15       15  2 14      4742236033297122 9    33.0   31.0
 11 7182.521800 2.475E-27 1.518E-01.03010.298 2705.13920.51-.015860          0 1 2          0 1 0  9  0  9       10  1 10      4642236033257122 7    57.0   63.0
 11 7182.531500 4.340E-25 3.762E+00.09100.412 1922.90040.69-.009620          1 1 1          0 1 0  4  2  3        4  2  2      4542236067257122 7     9.0    9.0
 11 7182.656300 8.306E-28 1.528E-01.02880.298 2705.09620.51-.019640          0 1 2          0 1 0  9  1  9       10  0 10      4642236033257122 7    19.0   21.0
 11 7182.736400 1.370E-29 1.398E-01.10120.504 3151.63010.74-.000640          0 7 0          0 2 0  1  1  1        0  0  0      4442236032257122 7     3.0    1.0
 11 7182.745700 7.331E-28 1.485E-02.06340.250 2533.79170.41-.016740          2 0 0          0 0 0 12  7  6       13  4  9      474223603331712211    75.0   81.0
 11 7182.949620 3.770E-21 1.025E+01.09700.464  142.27850.91-.008669          1 0 1          0 0 0  2  1  2        3  1  3      5568203063674924 6     5.0    7.0
 11 7183.015790 4.070E-22 3.558E-01.10100.492  134.90160.72-.011100          1 0 1          0 0 0  2  0  2        2  2  1      554623306325 322 7    15.0   15.0
 11 7183.074200 2.233E-28 1.848E-02.04080.265 2613.10380.44-.024100          0 0 2          0 0 0 13  4 10       12  7  5      444233603231712211    27.0   25.0
 11 7183.208100 2.306E-29 1.255E+00.07430.250 4174.03730.41-.006840          2 1 0          0 1 0 13  5  8       13  4  9      4442336032297122 9    81.0   81.0
 11 7183.218450 8.530E-25 1.262E-01.07410.315 1216.23110.55-.014800          0 0 2          0 0 0  8  2  6        9  3  7      5542233067257122 7    17.0   19.0
 11 7183.272430 6.860E-24 3.149E+00.07600.395 1718.71850.81-.012140          1 0 1          0 0 0 10  5  5       10  5  6      555523306779 315 8    63.0   63.0
 11 7183.354400 3.626E-29 1.187E+00.07210.265 3843.40940.44-.023496          0 3 1          0 1 0 13  4  9       12  4  8      4442336032297122 9    27.0   25.0
 11 7183.573500 8.246E-26 5.441E-03.07940.333 1050.15760.57-.009352          0 2 1          0 0 0  8  5  4        8  3  5      4342236033287122 8    17.0   17.0
 11 7183.583900 3.180E-26 7.842E-01.01030.221 2631.26710.37-.023964          0 2 1          0 0 0 16  1 15       15  1 14      4742236033297122 9    99.0   93.0
 11 7183.598500 4.671E-29 6.222E-03.03980.235 2739.38770.400.000000         -2-2-2          0 0 0 15 -1 -1       14  3 11      1422234232917122 0    31.0   29.0
 11 7183.685800 3.590E-24 5.537E-02.08880.455  661.54890.63-.010800          0 0 2          0 0 0  5  2  4        6  3  3      554623306725 322 7    11.0   13.0
 11 7183.862900 2.397E-29 3.586E-03.05400.298 2701.83030.510.000000         -2-2-2          0 0 0 11 -4  0       10 10  1      1422234232917122 0    23.0   63.0
 11 7183.879000 4.520E-25 1.075E+00.03870.245 1810.58300.55-.016360          0 0 2          0 0 0  9  6  4        9  7  3      454523606729 322 9    19.0   19.0
 11 7183.958400 1.647E-29 3.498E-01.05230.265 3738.54220.44-.016320          0 1 2          0 1 0 12  2 10       12  3  9      4442336032297122 9    25.0   25.0
 11 7184.101600 1.430E-24 1.134E+00.03890.250 1810.58770.55-.014960          0 0 2          0 0 0  9  6  3        9  7  2      454523606728 322 8    57.0   57.0
 11 7184.308700 1.395E-29 5.277E-02.01620.265 3592.42320.44-.021720          1 1 1          0 1 0 11  5  7       12  3 10      444233603230712210    69.0   75.0
 11 7184.361700 1.720E-26 6.509E-02.09150.391 2053.96860.67-.009060          1 1 1          0 1 0  6  0  6        5  2  3      4542236065287122 7    39.0   33.0
 11 7184.458000 4.630E-25 2.133E+00.05520.281 1985.78420.47-.011320          1 0 1          0 0 0 11  5  6       11  5  7      4742236033297122 9    23.0   23.0
 11 7184.474200 2.427E-29 3.638E-02.05340.298 3383.26510.51-.022140          0 1 2          0 1 0 10  4  7       10  5  6      4442336032287122 8    63.0   63.0
 11 7184.551700 1.953E-28 8.466E+00.09430.456 3849.38530.72-.010460          1 0 2          0 0 1  3  1  2        2  1  1      4442336032257122 7    21.0   15.0
 11 7184.727100 1.810E-24 6.141E-03.06190.391  610.34110.67-.013732          1 2 0          0 0 0  6  5  2        5  4  1      4542236067257122 7    39.0   33.0
 11 7184.757900 7.348E-29 7.454E-01.09900.456 3255.34630.72-.007000          2 2 0          0 2 0  2  2  0        2  1  1      4442436032287122 7     5.0    5.0
 11 7184.789400 2.461E-29 5.740E-02.02350.195 3567.17160.34-.022460          1 0 1          0 0 0 16  4 12       17  2 15      444233603231712211    99.0  105.0
 11 7184.918600 2.758E-27 1.775E-05.06900.391  742.07620.67-.011540          2 0 0          0 0 0  6  4  3        5  5  0      4342236033287122 8    39.0   33.0
 11 7184.920800 1.365E-28 6.146E-02.04930.281 3135.76420.47-.010200          2 1 0          0 1 0 10  4  7       11  1 10      4442336032287122 8    63.0   69.0
 11 7184.937300 2.791E-29 5.834E-04.03390.221 2358.30050.37-.009368          0 4 0          0 0 0 15  4 12       15  1 15      4442336032297122 9    31.0   31.0
 11 7184.984400 6.120E-25 6.223E-03.06220.333  610.11440.67-.013640          1 2 0          0 0 0  6  5  1        5  4  2      454523606725 322 7    13.0   11.0
 11 7185.353700 1.005E-29 1.131E+00.10210.456 3750.46450.72-.013180          1 0 2          1 0 0  2  0  2        2  1  1      4442236032257122 7     5.0    5.0
 11 7185.394270 5.160E-23 9.366E-02.09240.435  447.25230.63-.008920          2 0 0          0 0 0  5  2  3        6  1  6      5546233018284822 7    33.0   39.0
 11 7185.400770 9.579E-24 4.462E+00.07800.315 1474.98030.89-.013760          1 0 1          0 0 0  9  5  4        9  5  5      5752233033797115 8    19.0   19.0
 11 7185.442550 3.210E-24 1.923E-02.08080.420  782.40980.61-.014060          1 0 1          0 0 0  8  0  8        7  2  5      554523306728 322 8    51.0   45.0
 11 7185.577000 2.155E-24 3.298E-03.09100.391  446.51060.67-.011600          2 0 0          0 0 0  6  1  6        5  2  3      5642233033287122 8    39.0   33.0
 11 7185.596571 1.977E-22 1.665E+01.03420.371 1045.05830.63-.016300          1 0 1          0 0 0  6  6  1        6  6  0      4742234433297122 9    13.0   13.0
 11 7185.597300 5.931E-22 1.665E+01.04130.195 1045.05780.65-.013459          1 0 1          0 0 0  6  6  0        6  6  1      4753216033676624 6    39.0   39.0
 11 7185.696700 5.140E-26 3.336E-01.09200.391 2130.49420.67-.016780          0 1 2          0 1 0  5  0  5        5  3  2      4542236065287122 8    33.0   33.0
 11 7185.731900 6.460E-29 6.524E-01.09490.412 3375.29820.69-.007960          2 2 0          0 2 0  4  1  3        4  0  4      4442236032287122 7     9.0    9.0
 11 7185.733100 8.540E-28 4.501E-02.08390.371 2399.16540.63-.019080          1 1 1          0 1 0  7  2  5        6  4  2      4742236033287122 8    15.0   13.0
 11 7185.847400 2.790E-27 5.389E-05.06830.391  742.07300.67-.012520          2 0 0          0 0 0  6  4  2        5  5  1      4442236065297122 8    13.0   11.0
 11 7185.914000 3.500E-27 7.163E-02.03460.235 2551.48210.40-.022160          1 0 1          0 0 0 13  5  9       14  3 12      444223606531712211    81.0   87.0
 11 7185.934900 2.224E-28 9.390E+00.09220.434 3895.58790.71-.009640          1 0 2          0 0 1  4  1  4        3  1  3      4442336032257122 7    27.0   21.0
 11 7185.966700 2.810E-27 2.051E-04.07430.371 1045.05830.63-.013500          0 0 2          0 0 0  7  3  5        6  6  0      4442236065297122 9    15.0   13.0
 11 7186.057600 8.827E-29 1.074E-02.04110.235 2918.24370.40-.010160          0 0 2          0 0 0 13  6  7       14  5 10      4442336032297122 9    81.0   87.0
 11 7186.152700 1.226E-29 1.048E-03.03140.208 2660.77780.35-.011468          0 4 0          0 0 0 16  3 13       16  0 16      1442334232297122 9    33.0   33.0
 11 7186.407620 4.710E-25 4.659E-03.07550.295  885.60020.57-.008104          0 2 1          0 0 0  8  4  4        8  2  7      554423306728 322 8    51.0   51.0
 11 7186.425100 1.267E-29 3.610E-02.09710.434 3289.24250.71-.000675          0 7 0          0 2 0  3  1  2        3  0  3      4442436032257122 7    21.0   21.0
 11 7186.483600 2.743E-28 7.468E-02.02860.221 2872.57880.37-.022260          1 0 1          0 0 0 14  5 10       15  3 13      474223603331712211    29.0   31.0
 11 7186.580800 1.403E-29 1.313E+00.02720.250 4074.03720.41-.023452          0 3 1          0 1 0 14  4 11       13  4 10      4442336032297122 9    29.0   27.0
 11 7186.599170 6.620E-25 1.309E+00.10450.470 1618.55700.73-.001480          2 1 0          0 1 0  1  1  0        1  0  1      554523306725 322 7     9.0    9.0
 11 7186.858000 4.310E-24 1.313E+00.04200.270 1590.69010.57-.009509          0 0 2          0 0 0  8  6  3        8  7  2      457521606782622234    51.0   51.0
 11 7186.882100 4.030E-25 1.569E-01.06030.298 1437.96780.51-.007480          2 0 0          0 0 0  9  5  5       10  2  8      4542236018297122 8    19.0   21.0
 11 7186.909600 2.010E-24 1.837E+00.03860.333 1590.69060.57-.013800          0 0 2          0 0 0  8  6  2        8  7  1      4542236067297122 9    17.0   17.0
 11 7187.043400 1.029E-29 6.358E-01.09130.391 4049.53640.67-.003600          2 0 1          1 0 0  6  3  3        5  1  4      4442336032257122 7    39.0   33.0
 11 7187.052100 3.983E-29 4.085E-02.06030.298 3058.39780.51-.007480          2 1 0          0 1 0  9  5  5       10  2  8      4442336032297122 8    19.0   21.0
 11 7187.077415 1.158E-29 8.111E-02.02220.195 3567.25240.34-.020560          1 0 1          0 0 0 16  5 12       17  3 15      244233443231712211    33.0   35.0
 11 7187.136300 7.136E-29 1.746E+00.08930.391 3598.51610.67-.007320          1 2 1          0 2 0  5  2  3        5  2  4      4442336032257122 7    11.0   11.0
 11 7187.205700 7.220E-25 9.381E+00.08030.412 2005.91660.69-.011480          1 1 1          0 1 0  4  3  2        4  3  1      4542236067257122 7     9.0    9.0
 11 7187.265100 2.290E-26 1.794E-04.08210.352  782.40980.61-.007660          1 0 1          0 0 0  6  4  2        7  2  5      4542236065287122 8    39.0   45.0
 11 7187.266300 6.157E-28 1.077E-03.08500.434 1819.33510.71-.003992          0 3 1          0 1 0  4  4  0        3  2  1      4742236033257122 7    27.0   21.0
 11 7187.495800 3.090E-27 4.690E-02.03740.250 2248.06320.41-.022260          1 0 1          0 0 0 12  5  8       13  3 11      444223606531712211    25.0   27.0
 11 7187.508774 2.437E-28 5.540E-04.08950.412 1821.59680.690.000355          0 6 0          0 1 0  3  0  3        4  1  4      3442434332257122 7    21.0   27.0
 11 7187.621800 4.992E-28 1.723E-02.08170.371 2282.58960.63-.011204          0 3 1          0 1 0  6  5  2        6  3  3      4442236033287122 8    13.0   13.0
 11 7188.089400 1.389E-29 1.239E+00.05400.298 3997.66480.510.000000         -2-2-2          0 1 0 10 -4 -4       10  8  3      1422234232917122 0    21.0   63.0
 11 7188.138800 3.590E-23 6.449E+00.05640.315 1255.91150.53-.012199          1 0 1          0 0 0  8  5  4        8  5  3      4556216018676224 6    17.0   17.0
 11 7188.309200 3.024E-26 1.493E-03.05720.352 1216.19440.61-.006520          2 0 0          0 0 0  8  5  4        7  6  1      4542236033287122 7    51.0   45.0
 11 7188.350100 1.276E-23 3.107E-01.04130.270 1045.05780.63-.011439          0 2 1          0 0 0  7  6  2        6  6  1      478521603382622234    45.0   39.0
 11 7188.352304 4.247E-24 3.103E-01.03960.371 1045.05830.63-.004420          0 2 1          0 0 0  7  6  1        6  6  0      4742234433297122 9    15.0   13.0
 11 7188.441400 3.650E-24 2.166E+01.10100.430 1618.55700.73-.006140          1 1 1          0 1 0  0  0  0        1  0  1      454523606725 322 7     3.0    9.0
 11 7188.563100 1.689E-28 7.441E-02.02620.208 3211.21130.35-.022360          1 0 1          0 0 0 15  5 11       16  3 14      444233603231712211    93.0   99.0
 11 7188.733000 2.268E-29 1.789E-03.03350.221 2631.28230.37-.005268          0 4 0          0 0 0 15  5 11       15  2 14      4442336032297122 9    31.0   31.0
 11 7188.776200 2.193E-27 5.120E-02.08710.391 2126.40760.67-.010320          0 1 2          0 1 0  4  2  2        5  3  3      4642236033257122 7     9.0   11.0
 11 7188.823300 7.772E-29 9.627E+00.09280.434 3890.82950.71-.005600          1 0 2          0 0 1  4  0  4        3  0  3      4442336032257122 7     9.0    7.0
 11 7188.984600 1.576E-28 4.766E-04.04670.265 2124.94990.44-.019488          1 2 0          0 0 0 11  7  4       12  4  9      444233603231712210    69.0   75.0
 11 7188.990300 1.977E-27 1.225E-04.06990.315 1080.38530.550.004932          0 4 0          0 0 0 10  5  5        9  2  8      4642236033287122 8    21.0   19.0
 11 7189.006900 8.480E-24 6.827E-01.08020.445 1360.23500.55-.010340          0 2 1          0 0 0 10  4  6        9  4  5      454623606725 322 7    63.0   57.0
 11 7189.125600 2.400E-24 1.596E-02.05200.404  488.13420.69-.013520          1 0 1          0 0 0  5  2  3        4  4  0      454523606730 32210    11.0    9.0
 11 7189.140900 2.857E-29 1.486E-04.08950.412 1817.45120.69-.003772          0 3 1          0 1 0  4  4  1        4  0  4      444233603230712210     9.0    9.0
 11 7189.187855 3.333E-24 1.333E+00.03980.352 1394.81410.61-.008540          0 0 2          0 0 0  7  6  2        7  7  1      3642234433297122 9    15.0   15.0
 11 7189.199800 9.992E-24 1.332E+00.04330.350 1394.81410.61-.011940          0 0 2          0 0 0  7  6  1        7  7  0      464423603328 322 8    45.0   45.0
 11 7189.231100 2.302E-25 1.331E+00.05800.265 2275.37190.44-.007480          1 0 1          0 0 0 12  5  7       12  5  8      4742236033297122 8    75.0   75.0
 11 7189.243900 1.029E-28 1.934E-03.05800.250 2533.79170.41-.002952          0 4 0          0 0 0 13  7  6       13  4  9      4442336032297122 9    81.0   81.0
 11 7189.344440 6.210E-22 1.691E+00.10010.490  142.27850.71-.003309          2 0 0          0 0 0  2  2  0        3  1  3      557621301882622234     5.0    7.0
 11 7189.449800 5.670E-25 1.092E-01.05430.298 1293.01730.51-.010360          2 0 0          0 0 0  9  4  6       10  1  9      4542236067287122 8    19.0   21.0
 11 7189.542000 1.070E-22 6.386E+00.05490.330 1255.16660.57-.016000          1 0 1          0 0 0  8  5  3        8  5  4      454523601825 322 7    51.0   51.0
 11 7189.698700 6.218E-28 2.078E-02.03360.250 2426.19530.41-.026980          0 0 2          0 0 0 13  3 11       13  4 10      4542236033297122 9    27.0   27.0
 11 7189.714800 1.980E-24 8.536E+00.07670.340 2004.81540.69-.008620          1 1 1          0 1 0  4  3  1        4  3  2      454523606725 322 7    27.0   27.0
 11 7189.734000 2.692E-28 6.182E-01.10230.480 3175.44140.73-.002760          2 2 0          0 2 0  2  1  2        1  0  1      4442436032257122 7    15.0    9.0
 11 7189.767800 9.479E-28 2.949E+00.09750.456 3237.91760.72-.005400          1 2 1          0 2 0  2  1  1        2  1  2      4742236033257122 7    15.0   15.0
 11 7189.916600 8.768E-29 8.810E-04.08560.352 2309.73010.61-.003100          0 3 1          0 1 0  8  3  5        7  1  6      4442336032257122 7    51.0   45.0
 11 7189.964400 2.670E-25 5.102E+00.08030.280 2126.40760.67-.007760          1 1 1          0 1 0  5  3  2        5  3  3      454323606725 322 7    11.0   11.0
 11 7189.970700 2.506E-29 8.925E-05.09330.434 1739.48370.71-.003432          1 3 0          0 1 0  4  4  0        3  1  3      4442336032287122 8     9.0    7.0
 11 7190.078700 3.300E-27 7.116E-03.04350.315 1810.58300.55-.014860          2 0 0          0 0 0 10  6  4        9  7  3      4442236065297122 9    21.0   19.0
 11 7190.162700 1.440E-29 2.255E+00.03400.208 4206.28080.350.000000         -2-2-2          0 0 0 16 -4 -4       16  8  9      1422234232917122 0    33.0   99.0
 11 7190.289000 2.410E-22 2.192E+00.08630.460  842.35650.61-.009699          1 0 1          0 0 0  7  3  5        7  3  4      457521601882622234    45.0   45.0
 11 7190.392733 1.094E-26 1.621E-03.05610.352 1216.18970.61-.007740          2 0 0          0 0 0  8  5  3        7  6  2      4542234433297122 8    17.0   15.0
 11 7190.549100 9.854E-28 4.580E-06.07520.352  704.21400.61-.002788          0 4 0          0 0 0  7  6  1        7  1  6      4442236033287122 8    45.0   45.0
 11 7190.606200 2.026E-27 7.366E-03.04820.281 2144.04580.47-.021760          0 2 1          0 0 0 10  8  2       11  6  5      464223603331712211    63.0   69.0
 11 7190.629600 7.234E-28 1.066E+00.03170.352 3109.91130.61-.004936          0 3 1          0 1 0  8  7  2        7  7  1      4742236033297122 9    17.0   15.0
 11 7190.630200 2.170E-27 1.066E+00.03670.352 3109.91120.61-.008872          0 3 1          0 1 0  8  7  1        7  7  0      4742236033257122 7    51.0   45.0
 11 7190.702300 7.949E-28 1.941E-02.08190.371 2211.19050.63-.006544          1 3 0          0 1 0  6  5  1        6  2  4      4542236033287122 8    13.0   13.0
 11 7190.738800 3.940E-22 1.140E+00.09600.529  275.49710.69-.006779          1 0 1          0 0 0  4  1  4        4  1  3      456620601824 322 6     9.0    9.0
 11 7190.747300 4.430E-26 3.226E-02.06600.281 1813.22260.47-.006080          2 0 0          0 0 0 10  6  5       11  3  8      4742236033297122 8    63.0   69.0
 11 7190.780900 3.150E-24 1.089E+01.07760.346 1907.61570.71-.011860          1 1 1          0 1 0  3  3  1        3  3  0      454423606725 322 7    21.0   21.0
 11 7190.791100 7.783E-27 1.287E-02.03570.265 1774.61530.44-.016004          0 2 1          0 0 0 11  5  6       12  1 11      444223603331712210    23.0   25.0
 11 7190.839300 6.012E-28 9.380E-02.08030.333 2670.78950.57-.013180          1 1 1          0 1 0  9  1  8        8  3  5      4742236033287122 8    19.0   17.0
 11 7190.859600 5.530E-29 3.526E-02.03070.265 3032.69000.44-.022240          2 0 0          0 0 0 13  8  6       12  9  3      4442336032297122 9    27.0   25.0
 11 7190.884300 2.034E-29 1.042E+00.08840.371 3784.67940.63-.008200          2 2 0          0 2 0  6  3  3        6  2  4      4442636032287122 7    13.0   13.0
 11 7190.899900 3.750E-26 5.804E-02.09720.456 1742.30560.72-.009160          2 1 0          0 1 0  3  1  2        2  2  1      4542236065257122 7    21.0   15.0
 11 7190.947400 1.656E-28 3.520E-02.03070.265 3032.68970.44-.022080          2 0 0          0 0 0 13  8  5       12  9  4      4442336032297122 9    81.0   75.0
 11 7191.034800 3.600E-29 1.932E-04.06770.352 2180.64280.61-.004512          1 3 0          0 1 0  8  3  6        7  0  7      4442336032257122 7    51.0   45.0
 11 7191.120000 9.083E-29 3.015E-02.05160.298 3072.72590.51-.023600          0 1 2          0 1 0 10  2  9       10  3  8      4442336032287122 7    63.0   63.0
 11 7191.156800 1.480E-24 1.534E+01.07580.307 1907.45020.71-.010800          1 1 1          0 1 0  3  3  0        3  3  1      454623606725 322 7     7.0    7.0
 11 7191.224100 2.267E-29 2.266E-01.02940.315 3752.57670.55-.018000          0 5 0          0 1 0  9  9  0        9  8  1      1442334232287122 8    57.0   57.0
 11 7191.232000 7.350E-26 2.694E-02.06820.281 1690.66360.470.006404          1 2 0          0 0 0 11  5  6       11  2  9      4542236065287122 8    69.0   69.0
 11 7191.557400 6.370E-25 3.269E+00.09980.460 1693.64990.72-.009120          1 1 1          0 1 0  2  1  2        2  1  1      454623606725 322 7     5.0    5.0
 11 7191.673900 1.170E-26 6.924E-04.08140.333 1050.15760.57-.011980          2 0 0          0 0 0  9  2  8        8  3  5      4542236065287122 8    19.0   17.0
 11 7191.812600 2.130E-25 9.510E-01.09900.456 1664.96460.72-.003860          2 1 0          0 1 0  2  1  1        2  0  2      4542236067257122 7     5.0    5.0
 11 7191.850800 1.264E-29 2.109E-03.07290.298 2705.09620.51-.011712          1 3 0          0 1 0 10  3  7       10  0 10      4442336032287122 8    21.0   21.0
 11 7191.881400 3.034E-27 2.817E-03.07360.281 1899.00750.47-.022840          2 0 0          0 0 0 12  3 10       11  4  7      4442236033297122 8    75.0   69.0
 11 7191.943800 2.970E-26 4.081E-02.01620.265 1962.50620.44-.021720          1 0 1          0 0 0 11  5  7       12  3 10      454223606530712210    69.0   75.0
